
Task: #3 Key Generation with Uniform policy:
#Leaves in Policy	#Minimal Sets	Repetitions	Total time	Policy

8	1	100	2	OR(AND(0,1,2,3,4,5,6,7))
8	8	100	2	OR(AND(0),AND(1),AND(2),AND(3),AND(4),AND(5),AND(6),AND(7))
32	1	100	6	OR(AND(0,1,2,3,4,5,6,7,8,9,10,11,12,13,14,15,16,17,18,19,20,21,22,23,24,25,26,27,28,29,30,31))
32	8	100	7	OR(AND(0,1,2,3),AND(4,5,6,7),AND(8,9,10,11),AND(12,13,14,15),AND(16,17,18,19),AND(20,21,22,23),AND(24,25,26,27),AND(28,29,30,31))
128	1	1	1	OR(AND(0,1,2,3,4,5,6,7,8,9,10,11,12,13,14,15,16,17,18,19,20,21,22,23,24,25,26,27,28,29,30,31,32,33,34,35,36,37,38,39,40,41,42,43,44,45,46,47,48,49,50,51,52,53,54,55,56,57,58,59,60,61,62,63,64,65,66,67,68,69,70,71,72,73,74,75,76,77,78,79,80,81,82,83,84,85,86,87,88,89,90,91,92,93,94,95,96,97,98,99,100,101,102,103,104,105,106,107,108,109,110,111,112,113,114,115,116,117,118,119,120,121,122,123,124,125,126,127))
128	8	1	1	OR(AND(0,1,2,3,4,5,6,7,8,9,10,11,12,13,14,15),AND(16,17,18,19,20,21,22,23,24,25,26,27,28,29,30,31),AND(32,33,34,35,36,37,38,39,40,41,42,43,44,45,46,47),AND(48,49,50,51,52,53,54,55,56,57,58,59,60,61,62,63),AND(64,65,66,67,68,69,70,71,72,73,74,75,76,77,78,79),AND(80,81,82,83,84,85,86,87,88,89,90,91,92,93,94,95),AND(96,97,98,99,100,101,102,103,104,105,106,107,108,109,110,111),AND(112,113,114,115,116,117,118,119,120,121,122,123,124,125,126,127))
128	64	1	0	OR(AND(0,1),AND(2,3),AND(4,5),AND(6,7),AND(8,9),AND(10,11),AND(12,13),AND(14,15),AND(16,17),AND(18,19),AND(20,21),AND(22,23),AND(24,25),AND(26,27),AND(28,29),AND(30,31),AND(32,33),AND(34,35),AND(36,37),AND(38,39),AND(40,41),AND(42,43),AND(44,45),AND(46,47),AND(48,49),AND(50,51),AND(52,53),AND(54,55),AND(56,57),AND(58,59),AND(60,61),AND(62,63),AND(64,65),AND(66,67),AND(68,69),AND(70,71),AND(72,73),AND(74,75),AND(76,77),AND(78,79),AND(80,81),AND(82,83),AND(84,85),AND(86,87),AND(88,89),AND(90,91),AND(92,93),AND(94,95),AND(96,97),AND(98,99),AND(100,101),AND(102,103),AND(104,105),AND(106,107),AND(108,109),AND(110,111),AND(112,113),AND(114,115),AND(116,117),AND(118,119),AND(120,121),AND(122,123),AND(124,125),AND(126,127))
512	1	1	1	OR(AND(0,1,2,3,4,5,6,7,8,9,10,11,12,13,14,15,16,17,18,19,20,21,22,23,24,25,26,27,28,29,30,31,32,33,34,35,36,37,38,39,40,41,42,43,44,45,46,47,48,49,50,51,52,53,54,55,56,57,58,59,60,61,62,63,64,65,66,67,68,69,70,71,72,73,74,75,76,77,78,79,80,81,82,83,84,85,86,87,88,89,90,91,92,93,94,95,96,97,98,99,100,101,102,103,104,105,106,107,108,109,110,111,112,113,114,115,116,117,118,119,120,121,122,123,124,125,126,127,128,129,130,131,132,133,134,135,136,137,138,139,140,141,142,143,144,145,146,147,148,149,150,151,152,153,154,155,156,157,158,159,160,161,162,163,164,165,166,167,168,169,170,171,172,173,174,175,176,177,178,179,180,181,182,183,184,185,186,187,188,189,190,191,192,193,194,195,196,197,198,199,200,201,202,203,204,205,206,207,208,209,210,211,212,213,214,215,216,217,218,219,220,221,222,223,224,225,226,227,228,229,230,231,232,233,234,235,236,237,238,239,240,241,242,243,244,245,246,247,248,249,250,251,252,253,254,255,256,257,258,259,260,261,262,263,264,265,266,267,268,269,270,271,272,273,274,275,276,277,278,279,280,281,282,283,284,285,286,287,288,289,290,291,292,293,294,295,296,297,298,299,300,301,302,303,304,305,306,307,308,309,310,311,312,313,314,315,316,317,318,319,320,321,322,323,324,325,326,327,328,329,330,331,332,333,334,335,336,337,338,339,340,341,342,343,344,345,346,347,348,349,350,351,352,353,354,355,356,357,358,359,360,361,362,363,364,365,366,367,368,369,370,371,372,373,374,375,376,377,378,379,380,381,382,383,384,385,386,387,388,389,390,391,392,393,394,395,396,397,398,399,400,401,402,403,404,405,406,407,408,409,410,411,412,413,414,415,416,417,418,419,420,421,422,423,424,425,426,427,428,429,430,431,432,433,434,435,436,437,438,439,440,441,442,443,444,445,446,447,448,449,450,451,452,453,454,455,456,457,458,459,460,461,462,463,464,465,466,467,468,469,470,471,472,473,474,475,476,477,478,479,480,481,482,483,484,485,486,487,488,489,490,491,492,493,494,495,496,497,498,499,500,501,502,503,504,505,506,507,508,509,510,511))
512	8	1	1	OR(AND(0,1,2,3,4,5,6,7,8,9,10,11,12,13,14,15,16,17,18,19,20,21,22,23,24,25,26,27,28,29,30,31,32,33,34,35,36,37,38,39,40,41,42,43,44,45,46,47,48,49,50,51,52,53,54,55,56,57,58,59,60,61,62,63),AND(64,65,66,67,68,69,70,71,72,73,74,75,76,77,78,79,80,81,82,83,84,85,86,87,88,89,90,91,92,93,94,95,96,97,98,99,100,101,102,103,104,105,106,107,108,109,110,111,112,113,114,115,116,117,118,119,120,121,122,123,124,125,126,127),AND(128,129,130,131,132,133,134,135,136,137,138,139,140,141,142,143,144,145,146,147,148,149,150,151,152,153,154,155,156,157,158,159,160,161,162,163,164,165,166,167,168,169,170,171,172,173,174,175,176,177,178,179,180,181,182,183,184,185,186,187,188,189,190,191),AND(192,193,194,195,196,197,198,199,200,201,202,203,204,205,206,207,208,209,210,211,212,213,214,215,216,217,218,219,220,221,222,223,224,225,226,227,228,229,230,231,232,233,234,235,236,237,238,239,240,241,242,243,244,245,246,247,248,249,250,251,252,253,254,255),AND(256,257,258,259,260,261,262,263,264,265,266,267,268,269,270,271,272,273,274,275,276,277,278,279,280,281,282,283,284,285,286,287,288,289,290,291,292,293,294,295,296,297,298,299,300,301,302,303,304,305,306,307,308,309,310,311,312,313,314,315,316,317,318,319),AND(320,321,322,323,324,325,326,327,328,329,330,331,332,333,334,335,336,337,338,339,340,341,342,343,344,345,346,347,348,349,350,351,352,353,354,355,356,357,358,359,360,361,362,363,364,365,366,367,368,369,370,371,372,373,374,375,376,377,378,379,380,381,382,383),AND(384,385,386,387,388,389,390,391,392,393,394,395,396,397,398,399,400,401,402,403,404,405,406,407,408,409,410,411,412,413,414,415,416,417,418,419,420,421,422,423,424,425,426,427,428,429,430,431,432,433,434,435,436,437,438,439,440,441,442,443,444,445,446,447),AND(448,449,450,451,452,453,454,455,456,457,458,459,460,461,462,463,464,465,466,467,468,469,470,471,472,473,474,475,476,477,478,479,480,481,482,483,484,485,486,487,488,489,490,491,492,493,494,495,496,497,498,499,500,501,502,503,504,505,506,507,508,509,510,511))
512	64	1	1	OR(AND(0,1,2,3,4,5,6,7),AND(8,9,10,11,12,13,14,15),AND(16,17,18,19,20,21,22,23),AND(24,25,26,27,28,29,30,31),AND(32,33,34,35,36,37,38,39),AND(40,41,42,43,44,45,46,47),AND(48,49,50,51,52,53,54,55),AND(56,57,58,59,60,61,62,63),AND(64,65,66,67,68,69,70,71),AND(72,73,74,75,76,77,78,79),AND(80,81,82,83,84,85,86,87),AND(88,89,90,91,92,93,94,95),AND(96,97,98,99,100,101,102,103),AND(104,105,106,107,108,109,110,111),AND(112,113,114,115,116,117,118,119),AND(120,121,122,123,124,125,126,127),AND(128,129,130,131,132,133,134,135),AND(136,137,138,139,140,141,142,143),AND(144,145,146,147,148,149,150,151),AND(152,153,154,155,156,157,158,159),AND(160,161,162,163,164,165,166,167),AND(168,169,170,171,172,173,174,175),AND(176,177,178,179,180,181,182,183),AND(184,185,186,187,188,189,190,191),AND(192,193,194,195,196,197,198,199),AND(200,201,202,203,204,205,206,207),AND(208,209,210,211,212,213,214,215),AND(216,217,218,219,220,221,222,223),AND(224,225,226,227,228,229,230,231),AND(232,233,234,235,236,237,238,239),AND(240,241,242,243,244,245,246,247),AND(248,249,250,251,252,253,254,255),AND(256,257,258,259,260,261,262,263),AND(264,265,266,267,268,269,270,271),AND(272,273,274,275,276,277,278,279),AND(280,281,282,283,284,285,286,287),AND(288,289,290,291,292,293,294,295),AND(296,297,298,299,300,301,302,303),AND(304,305,306,307,308,309,310,311),AND(312,313,314,315,316,317,318,319),AND(320,321,322,323,324,325,326,327),AND(328,329,330,331,332,333,334,335),AND(336,337,338,339,340,341,342,343),AND(344,345,346,347,348,349,350,351),AND(352,353,354,355,356,357,358,359),AND(360,361,362,363,364,365,366,367),AND(368,369,370,371,372,373,374,375),AND(376,377,378,379,380,381,382,383),AND(384,385,386,387,388,389,390,391),AND(392,393,394,395,396,397,398,399),AND(400,401,402,403,404,405,406,407),AND(408,409,410,411,412,413,414,415),AND(416,417,418,419,420,421,422,423),AND(424,425,426,427,428,429,430,431),AND(432,433,434,435,436,437,438,439),AND(440,441,442,443,444,445,446,447),AND(448,449,450,451,452,453,454,455),AND(456,457,458,459,460,461,462,463),AND(464,465,466,467,468,469,470,471),AND(472,473,474,475,476,477,478,479),AND(480,481,482,483,484,485,486,487),AND(488,489,490,491,492,493,494,495),AND(496,497,498,499,500,501,502,503),AND(504,505,506,507,508,509,510,511))
512	512	1	1	OR(AND(0),AND(1),AND(2),AND(3),AND(4),AND(5),AND(6),AND(7),AND(8),AND(9),AND(10),AND(11),AND(12),AND(13),AND(14),AND(15),AND(16),AND(17),AND(18),AND(19),AND(20),AND(21),AND(22),AND(23),AND(24),AND(25),AND(26),AND(27),AND(28),AND(29),AND(30),AND(31),AND(32),AND(33),AND(34),AND(35),AND(36),AND(37),AND(38),AND(39),AND(40),AND(41),AND(42),AND(43),AND(44),AND(45),AND(46),AND(47),AND(48),AND(49),AND(50),AND(51),AND(52),AND(53),AND(54),AND(55),AND(56),AND(57),AND(58),AND(59),AND(60),AND(61),AND(62),AND(63),AND(64),AND(65),AND(66),AND(67),AND(68),AND(69),AND(70),AND(71),AND(72),AND(73),AND(74),AND(75),AND(76),AND(77),AND(78),AND(79),AND(80),AND(81),AND(82),AND(83),AND(84),AND(85),AND(86),AND(87),AND(88),AND(89),AND(90),AND(91),AND(92),AND(93),AND(94),AND(95),AND(96),AND(97),AND(98),AND(99),AND(100),AND(101),AND(102),AND(103),AND(104),AND(105),AND(106),AND(107),AND(108),AND(109),AND(110),AND(111),AND(112),AND(113),AND(114),AND(115),AND(116),AND(117),AND(118),AND(119),AND(120),AND(121),AND(122),AND(123),AND(124),AND(125),AND(126),AND(127),AND(128),AND(129),AND(130),AND(131),AND(132),AND(133),AND(134),AND(135),AND(136),AND(137),AND(138),AND(139),AND(140),AND(141),AND(142),AND(143),AND(144),AND(145),AND(146),AND(147),AND(148),AND(149),AND(150),AND(151),AND(152),AND(153),AND(154),AND(155),AND(156),AND(157),AND(158),AND(159),AND(160),AND(161),AND(162),AND(163),AND(164),AND(165),AND(166),AND(167),AND(168),AND(169),AND(170),AND(171),AND(172),AND(173),AND(174),AND(175),AND(176),AND(177),AND(178),AND(179),AND(180),AND(181),AND(182),AND(183),AND(184),AND(185),AND(186),AND(187),AND(188),AND(189),AND(190),AND(191),AND(192),AND(193),AND(194),AND(195),AND(196),AND(197),AND(198),AND(199),AND(200),AND(201),AND(202),AND(203),AND(204),AND(205),AND(206),AND(207),AND(208),AND(209),AND(210),AND(211),AND(212),AND(213),AND(214),AND(215),AND(216),AND(217),AND(218),AND(219),AND(220),AND(221),AND(222),AND(223),AND(224),AND(225),AND(226),AND(227),AND(228),AND(229),AND(230),AND(231),AND(232),AND(233),AND(234),AND(235),AND(236),AND(237),AND(238),AND(239),AND(240),AND(241),AND(242),AND(243),AND(244),AND(245),AND(246),AND(247),AND(248),AND(249),AND(250),AND(251),AND(252),AND(253),AND(254),AND(255),AND(256),AND(257),AND(258),AND(259),AND(260),AND(261),AND(262),AND(263),AND(264),AND(265),AND(266),AND(267),AND(268),AND(269),AND(270),AND(271),AND(272),AND(273),AND(274),AND(275),AND(276),AND(277),AND(278),AND(279),AND(280),AND(281),AND(282),AND(283),AND(284),AND(285),AND(286),AND(287),AND(288),AND(289),AND(290),AND(291),AND(292),AND(293),AND(294),AND(295),AND(296),AND(297),AND(298),AND(299),AND(300),AND(301),AND(302),AND(303),AND(304),AND(305),AND(306),AND(307),AND(308),AND(309),AND(310),AND(311),AND(312),AND(313),AND(314),AND(315),AND(316),AND(317),AND(318),AND(319),AND(320),AND(321),AND(322),AND(323),AND(324),AND(325),AND(326),AND(327),AND(328),AND(329),AND(330),AND(331),AND(332),AND(333),AND(334),AND(335),AND(336),AND(337),AND(338),AND(339),AND(340),AND(341),AND(342),AND(343),AND(344),AND(345),AND(346),AND(347),AND(348),AND(349),AND(350),AND(351),AND(352),AND(353),AND(354),AND(355),AND(356),AND(357),AND(358),AND(359),AND(360),AND(361),AND(362),AND(363),AND(364),AND(365),AND(366),AND(367),AND(368),AND(369),AND(370),AND(371),AND(372),AND(373),AND(374),AND(375),AND(376),AND(377),AND(378),AND(379),AND(380),AND(381),AND(382),AND(383),AND(384),AND(385),AND(386),AND(387),AND(388),AND(389),AND(390),AND(391),AND(392),AND(393),AND(394),AND(395),AND(396),AND(397),AND(398),AND(399),AND(400),AND(401),AND(402),AND(403),AND(404),AND(405),AND(406),AND(407),AND(408),AND(409),AND(410),AND(411),AND(412),AND(413),AND(414),AND(415),AND(416),AND(417),AND(418),AND(419),AND(420),AND(421),AND(422),AND(423),AND(424),AND(425),AND(426),AND(427),AND(428),AND(429),AND(430),AND(431),AND(432),AND(433),AND(434),AND(435),AND(436),AND(437),AND(438),AND(439),AND(440),AND(441),AND(442),AND(443),AND(444),AND(445),AND(446),AND(447),AND(448),AND(449),AND(450),AND(451),AND(452),AND(453),AND(454),AND(455),AND(456),AND(457),AND(458),AND(459),AND(460),AND(461),AND(462),AND(463),AND(464),AND(465),AND(466),AND(467),AND(468),AND(469),AND(470),AND(471),AND(472),AND(473),AND(474),AND(475),AND(476),AND(477),AND(478),AND(479),AND(480),AND(481),AND(482),AND(483),AND(484),AND(485),AND(486),AND(487),AND(488),AND(489),AND(490),AND(491),AND(492),AND(493),AND(494),AND(495),AND(496),AND(497),AND(498),AND(499),AND(500),AND(501),AND(502),AND(503),AND(504),AND(505),AND(506),AND(507),AND(508),AND(509),AND(510),AND(511))
1024	1	1	2	OR(AND(0,1,2,3,4,5,6,7,8,9,10,11,12,13,14,15,16,17,18,19,20,21,22,23,24,25,26,27,28,29,30,31,32,33,34,35,36,37,38,39,40,41,42,43,44,45,46,47,48,49,50,51,52,53,54,55,56,57,58,59,60,61,62,63,64,65,66,67,68,69,70,71,72,73,74,75,76,77,78,79,80,81,82,83,84,85,86,87,88,89,90,91,92,93,94,95,96,97,98,99,100,101,102,103,104,105,106,107,108,109,110,111,112,113,114,115,116,117,118,119,120,121,122,123,124,125,126,127,128,129,130,131,132,133,134,135,136,137,138,139,140,141,142,143,144,145,146,147,148,149,150,151,152,153,154,155,156,157,158,159,160,161,162,163,164,165,166,167,168,169,170,171,172,173,174,175,176,177,178,179,180,181,182,183,184,185,186,187,188,189,190,191,192,193,194,195,196,197,198,199,200,201,202,203,204,205,206,207,208,209,210,211,212,213,214,215,216,217,218,219,220,221,222,223,224,225,226,227,228,229,230,231,232,233,234,235,236,237,238,239,240,241,242,243,244,245,246,247,248,249,250,251,252,253,254,255,256,257,258,259,260,261,262,263,264,265,266,267,268,269,270,271,272,273,274,275,276,277,278,279,280,281,282,283,284,285,286,287,288,289,290,291,292,293,294,295,296,297,298,299,300,301,302,303,304,305,306,307,308,309,310,311,312,313,314,315,316,317,318,319,320,321,322,323,324,325,326,327,328,329,330,331,332,333,334,335,336,337,338,339,340,341,342,343,344,345,346,347,348,349,350,351,352,353,354,355,356,357,358,359,360,361,362,363,364,365,366,367,368,369,370,371,372,373,374,375,376,377,378,379,380,381,382,383,384,385,386,387,388,389,390,391,392,393,394,395,396,397,398,399,400,401,402,403,404,405,406,407,408,409,410,411,412,413,414,415,416,417,418,419,420,421,422,423,424,425,426,427,428,429,430,431,432,433,434,435,436,437,438,439,440,441,442,443,444,445,446,447,448,449,450,451,452,453,454,455,456,457,458,459,460,461,462,463,464,465,466,467,468,469,470,471,472,473,474,475,476,477,478,479,480,481,482,483,484,485,486,487,488,489,490,491,492,493,494,495,496,497,498,499,500,501,502,503,504,505,506,507,508,509,510,511,512,513,514,515,516,517,518,519,520,521,522,523,524,525,526,527,528,529,530,531,532,533,534,535,536,537,538,539,540,541,542,543,544,545,546,547,548,549,550,551,552,553,554,555,556,557,558,559,560,561,562,563,564,565,566,567,568,569,570,571,572,573,574,575,576,577,578,579,580,581,582,583,584,585,586,587,588,589,590,591,592,593,594,595,596,597,598,599,600,601,602,603,604,605,606,607,608,609,610,611,612,613,614,615,616,617,618,619,620,621,622,623,624,625,626,627,628,629,630,631,632,633,634,635,636,637,638,639,640,641,642,643,644,645,646,647,648,649,650,651,652,653,654,655,656,657,658,659,660,661,662,663,664,665,666,667,668,669,670,671,672,673,674,675,676,677,678,679,680,681,682,683,684,685,686,687,688,689,690,691,692,693,694,695,696,697,698,699,700,701,702,703,704,705,706,707,708,709,710,711,712,713,714,715,716,717,718,719,720,721,722,723,724,725,726,727,728,729,730,731,732,733,734,735,736,737,738,739,740,741,742,743,744,745,746,747,748,749,750,751,752,753,754,755,756,757,758,759,760,761,762,763,764,765,766,767,768,769,770,771,772,773,774,775,776,777,778,779,780,781,782,783,784,785,786,787,788,789,790,791,792,793,794,795,796,797,798,799,800,801,802,803,804,805,806,807,808,809,810,811,812,813,814,815,816,817,818,819,820,821,822,823,824,825,826,827,828,829,830,831,832,833,834,835,836,837,838,839,840,841,842,843,844,845,846,847,848,849,850,851,852,853,854,855,856,857,858,859,860,861,862,863,864,865,866,867,868,869,870,871,872,873,874,875,876,877,878,879,880,881,882,883,884,885,886,887,888,889,890,891,892,893,894,895,896,897,898,899,900,901,902,903,904,905,906,907,908,909,910,911,912,913,914,915,916,917,918,919,920,921,922,923,924,925,926,927,928,929,930,931,932,933,934,935,936,937,938,939,940,941,942,943,944,945,946,947,948,949,950,951,952,953,954,955,956,957,958,959,960,961,962,963,964,965,966,967,968,969,970,971,972,973,974,975,976,977,978,979,980,981,982,983,984,985,986,987,988,989,990,991,992,993,994,995,996,997,998,999,1000,1001,1002,1003,1004,1005,1006,1007,1008,1009,1010,1011,1012,1013,1014,1015,1016,1017,1018,1019,1020,1021,1022,1023))
1024	8	1	2	OR(AND(0,1,2,3,4,5,6,7,8,9,10,11,12,13,14,15,16,17,18,19,20,21,22,23,24,25,26,27,28,29,30,31,32,33,34,35,36,37,38,39,40,41,42,43,44,45,46,47,48,49,50,51,52,53,54,55,56,57,58,59,60,61,62,63,64,65,66,67,68,69,70,71,72,73,74,75,76,77,78,79,80,81,82,83,84,85,86,87,88,89,90,91,92,93,94,95,96,97,98,99,100,101,102,103,104,105,106,107,108,109,110,111,112,113,114,115,116,117,118,119,120,121,122,123,124,125,126,127),AND(128,129,130,131,132,133,134,135,136,137,138,139,140,141,142,143,144,145,146,147,148,149,150,151,152,153,154,155,156,157,158,159,160,161,162,163,164,165,166,167,168,169,170,171,172,173,174,175,176,177,178,179,180,181,182,183,184,185,186,187,188,189,190,191,192,193,194,195,196,197,198,199,200,201,202,203,204,205,206,207,208,209,210,211,212,213,214,215,216,217,218,219,220,221,222,223,224,225,226,227,228,229,230,231,232,233,234,235,236,237,238,239,240,241,242,243,244,245,246,247,248,249,250,251,252,253,254,255),AND(256,257,258,259,260,261,262,263,264,265,266,267,268,269,270,271,272,273,274,275,276,277,278,279,280,281,282,283,284,285,286,287,288,289,290,291,292,293,294,295,296,297,298,299,300,301,302,303,304,305,306,307,308,309,310,311,312,313,314,315,316,317,318,319,320,321,322,323,324,325,326,327,328,329,330,331,332,333,334,335,336,337,338,339,340,341,342,343,344,345,346,347,348,349,350,351,352,353,354,355,356,357,358,359,360,361,362,363,364,365,366,367,368,369,370,371,372,373,374,375,376,377,378,379,380,381,382,383),AND(384,385,386,387,388,389,390,391,392,393,394,395,396,397,398,399,400,401,402,403,404,405,406,407,408,409,410,411,412,413,414,415,416,417,418,419,420,421,422,423,424,425,426,427,428,429,430,431,432,433,434,435,436,437,438,439,440,441,442,443,444,445,446,447,448,449,450,451,452,453,454,455,456,457,458,459,460,461,462,463,464,465,466,467,468,469,470,471,472,473,474,475,476,477,478,479,480,481,482,483,484,485,486,487,488,489,490,491,492,493,494,495,496,497,498,499,500,501,502,503,504,505,506,507,508,509,510,511),AND(512,513,514,515,516,517,518,519,520,521,522,523,524,525,526,527,528,529,530,531,532,533,534,535,536,537,538,539,540,541,542,543,544,545,546,547,548,549,550,551,552,553,554,555,556,557,558,559,560,561,562,563,564,565,566,567,568,569,570,571,572,573,574,575,576,577,578,579,580,581,582,583,584,585,586,587,588,589,590,591,592,593,594,595,596,597,598,599,600,601,602,603,604,605,606,607,608,609,610,611,612,613,614,615,616,617,618,619,620,621,622,623,624,625,626,627,628,629,630,631,632,633,634,635,636,637,638,639),AND(640,641,642,643,644,645,646,647,648,649,650,651,652,653,654,655,656,657,658,659,660,661,662,663,664,665,666,667,668,669,670,671,672,673,674,675,676,677,678,679,680,681,682,683,684,685,686,687,688,689,690,691,692,693,694,695,696,697,698,699,700,701,702,703,704,705,706,707,708,709,710,711,712,713,714,715,716,717,718,719,720,721,722,723,724,725,726,727,728,729,730,731,732,733,734,735,736,737,738,739,740,741,742,743,744,745,746,747,748,749,750,751,752,753,754,755,756,757,758,759,760,761,762,763,764,765,766,767),AND(768,769,770,771,772,773,774,775,776,777,778,779,780,781,782,783,784,785,786,787,788,789,790,791,792,793,794,795,796,797,798,799,800,801,802,803,804,805,806,807,808,809,810,811,812,813,814,815,816,817,818,819,820,821,822,823,824,825,826,827,828,829,830,831,832,833,834,835,836,837,838,839,840,841,842,843,844,845,846,847,848,849,850,851,852,853,854,855,856,857,858,859,860,861,862,863,864,865,866,867,868,869,870,871,872,873,874,875,876,877,878,879,880,881,882,883,884,885,886,887,888,889,890,891,892,893,894,895),AND(896,897,898,899,900,901,902,903,904,905,906,907,908,909,910,911,912,913,914,915,916,917,918,919,920,921,922,923,924,925,926,927,928,929,930,931,932,933,934,935,936,937,938,939,940,941,942,943,944,945,946,947,948,949,950,951,952,953,954,955,956,957,958,959,960,961,962,963,964,965,966,967,968,969,970,971,972,973,974,975,976,977,978,979,980,981,982,983,984,985,986,987,988,989,990,991,992,993,994,995,996,997,998,999,1000,1001,1002,1003,1004,1005,1006,1007,1008,1009,1010,1011,1012,1013,1014,1015,1016,1017,1018,1019,1020,1021,1022,1023))
1024	64	1	2	OR(AND(0,1,2,3,4,5,6,7,8,9,10,11,12,13,14,15),AND(16,17,18,19,20,21,22,23,24,25,26,27,28,29,30,31),AND(32,33,34,35,36,37,38,39,40,41,42,43,44,45,46,47),AND(48,49,50,51,52,53,54,55,56,57,58,59,60,61,62,63),AND(64,65,66,67,68,69,70,71,72,73,74,75,76,77,78,79),AND(80,81,82,83,84,85,86,87,88,89,90,91,92,93,94,95),AND(96,97,98,99,100,101,102,103,104,105,106,107,108,109,110,111),AND(112,113,114,115,116,117,118,119,120,121,122,123,124,125,126,127),AND(128,129,130,131,132,133,134,135,136,137,138,139,140,141,142,143),AND(144,145,146,147,148,149,150,151,152,153,154,155,156,157,158,159),AND(160,161,162,163,164,165,166,167,168,169,170,171,172,173,174,175),AND(176,177,178,179,180,181,182,183,184,185,186,187,188,189,190,191),AND(192,193,194,195,196,197,198,199,200,201,202,203,204,205,206,207),AND(208,209,210,211,212,213,214,215,216,217,218,219,220,221,222,223),AND(224,225,226,227,228,229,230,231,232,233,234,235,236,237,238,239),AND(240,241,242,243,244,245,246,247,248,249,250,251,252,253,254,255),AND(256,257,258,259,260,261,262,263,264,265,266,267,268,269,270,271),AND(272,273,274,275,276,277,278,279,280,281,282,283,284,285,286,287),AND(288,289,290,291,292,293,294,295,296,297,298,299,300,301,302,303),AND(304,305,306,307,308,309,310,311,312,313,314,315,316,317,318,319),AND(320,321,322,323,324,325,326,327,328,329,330,331,332,333,334,335),AND(336,337,338,339,340,341,342,343,344,345,346,347,348,349,350,351),AND(352,353,354,355,356,357,358,359,360,361,362,363,364,365,366,367),AND(368,369,370,371,372,373,374,375,376,377,378,379,380,381,382,383),AND(384,385,386,387,388,389,390,391,392,393,394,395,396,397,398,399),AND(400,401,402,403,404,405,406,407,408,409,410,411,412,413,414,415),AND(416,417,418,419,420,421,422,423,424,425,426,427,428,429,430,431),AND(432,433,434,435,436,437,438,439,440,441,442,443,444,445,446,447),AND(448,449,450,451,452,453,454,455,456,457,458,459,460,461,462,463),AND(464,465,466,467,468,469,470,471,472,473,474,475,476,477,478,479),AND(480,481,482,483,484,485,486,487,488,489,490,491,492,493,494,495),AND(496,497,498,499,500,501,502,503,504,505,506,507,508,509,510,511),AND(512,513,514,515,516,517,518,519,520,521,522,523,524,525,526,527),AND(528,529,530,531,532,533,534,535,536,537,538,539,540,541,542,543),AND(544,545,546,547,548,549,550,551,552,553,554,555,556,557,558,559),AND(560,561,562,563,564,565,566,567,568,569,570,571,572,573,574,575),AND(576,577,578,579,580,581,582,583,584,585,586,587,588,589,590,591),AND(592,593,594,595,596,597,598,599,600,601,602,603,604,605,606,607),AND(608,609,610,611,612,613,614,615,616,617,618,619,620,621,622,623),AND(624,625,626,627,628,629,630,631,632,633,634,635,636,637,638,639),AND(640,641,642,643,644,645,646,647,648,649,650,651,652,653,654,655),AND(656,657,658,659,660,661,662,663,664,665,666,667,668,669,670,671),AND(672,673,674,675,676,677,678,679,680,681,682,683,684,685,686,687),AND(688,689,690,691,692,693,694,695,696,697,698,699,700,701,702,703),AND(704,705,706,707,708,709,710,711,712,713,714,715,716,717,718,719),AND(720,721,722,723,724,725,726,727,728,729,730,731,732,733,734,735),AND(736,737,738,739,740,741,742,743,744,745,746,747,748,749,750,751),AND(752,753,754,755,756,757,758,759,760,761,762,763,764,765,766,767),AND(768,769,770,771,772,773,774,775,776,777,778,779,780,781,782,783),AND(784,785,786,787,788,789,790,791,792,793,794,795,796,797,798,799),AND(800,801,802,803,804,805,806,807,808,809,810,811,812,813,814,815),AND(816,817,818,819,820,821,822,823,824,825,826,827,828,829,830,831),AND(832,833,834,835,836,837,838,839,840,841,842,843,844,845,846,847),AND(848,849,850,851,852,853,854,855,856,857,858,859,860,861,862,863),AND(864,865,866,867,868,869,870,871,872,873,874,875,876,877,878,879),AND(880,881,882,883,884,885,886,887,888,889,890,891,892,893,894,895),AND(896,897,898,899,900,901,902,903,904,905,906,907,908,909,910,911),AND(912,913,914,915,916,917,918,919,920,921,922,923,924,925,926,927),AND(928,929,930,931,932,933,934,935,936,937,938,939,940,941,942,943),AND(944,945,946,947,948,949,950,951,952,953,954,955,956,957,958,959),AND(960,961,962,963,964,965,966,967,968,969,970,971,972,973,974,975),AND(976,977,978,979,980,981,982,983,984,985,986,987,988,989,990,991),AND(992,993,994,995,996,997,998,999,1000,1001,1002,1003,1004,1005,1006,1007),AND(1008,1009,1010,1011,1012,1013,1014,1015,1016,1017,1018,1019,1020,1021,1022,1023))
1024	512	1	2	OR(AND(0,1),AND(2,3),AND(4,5),AND(6,7),AND(8,9),AND(10,11),AND(12,13),AND(14,15),AND(16,17),AND(18,19),AND(20,21),AND(22,23),AND(24,25),AND(26,27),AND(28,29),AND(30,31),AND(32,33),AND(34,35),AND(36,37),AND(38,39),AND(40,41),AND(42,43),AND(44,45),AND(46,47),AND(48,49),AND(50,51),AND(52,53),AND(54,55),AND(56,57),AND(58,59),AND(60,61),AND(62,63),AND(64,65),AND(66,67),AND(68,69),AND(70,71),AND(72,73),AND(74,75),AND(76,77),AND(78,79),AND(80,81),AND(82,83),AND(84,85),AND(86,87),AND(88,89),AND(90,91),AND(92,93),AND(94,95),AND(96,97),AND(98,99),AND(100,101),AND(102,103),AND(104,105),AND(106,107),AND(108,109),AND(110,111),AND(112,113),AND(114,115),AND(116,117),AND(118,119),AND(120,121),AND(122,123),AND(124,125),AND(126,127),AND(128,129),AND(130,131),AND(132,133),AND(134,135),AND(136,137),AND(138,139),AND(140,141),AND(142,143),AND(144,145),AND(146,147),AND(148,149),AND(150,151),AND(152,153),AND(154,155),AND(156,157),AND(158,159),AND(160,161),AND(162,163),AND(164,165),AND(166,167),AND(168,169),AND(170,171),AND(172,173),AND(174,175),AND(176,177),AND(178,179),AND(180,181),AND(182,183),AND(184,185),AND(186,187),AND(188,189),AND(190,191),AND(192,193),AND(194,195),AND(196,197),AND(198,199),AND(200,201),AND(202,203),AND(204,205),AND(206,207),AND(208,209),AND(210,211),AND(212,213),AND(214,215),AND(216,217),AND(218,219),AND(220,221),AND(222,223),AND(224,225),AND(226,227),AND(228,229),AND(230,231),AND(232,233),AND(234,235),AND(236,237),AND(238,239),AND(240,241),AND(242,243),AND(244,245),AND(246,247),AND(248,249),AND(250,251),AND(252,253),AND(254,255),AND(256,257),AND(258,259),AND(260,261),AND(262,263),AND(264,265),AND(266,267),AND(268,269),AND(270,271),AND(272,273),AND(274,275),AND(276,277),AND(278,279),AND(280,281),AND(282,283),AND(284,285),AND(286,287),AND(288,289),AND(290,291),AND(292,293),AND(294,295),AND(296,297),AND(298,299),AND(300,301),AND(302,303),AND(304,305),AND(306,307),AND(308,309),AND(310,311),AND(312,313),AND(314,315),AND(316,317),AND(318,319),AND(320,321),AND(322,323),AND(324,325),AND(326,327),AND(328,329),AND(330,331),AND(332,333),AND(334,335),AND(336,337),AND(338,339),AND(340,341),AND(342,343),AND(344,345),AND(346,347),AND(348,349),AND(350,351),AND(352,353),AND(354,355),AND(356,357),AND(358,359),AND(360,361),AND(362,363),AND(364,365),AND(366,367),AND(368,369),AND(370,371),AND(372,373),AND(374,375),AND(376,377),AND(378,379),AND(380,381),AND(382,383),AND(384,385),AND(386,387),AND(388,389),AND(390,391),AND(392,393),AND(394,395),AND(396,397),AND(398,399),AND(400,401),AND(402,403),AND(404,405),AND(406,407),AND(408,409),AND(410,411),AND(412,413),AND(414,415),AND(416,417),AND(418,419),AND(420,421),AND(422,423),AND(424,425),AND(426,427),AND(428,429),AND(430,431),AND(432,433),AND(434,435),AND(436,437),AND(438,439),AND(440,441),AND(442,443),AND(444,445),AND(446,447),AND(448,449),AND(450,451),AND(452,453),AND(454,455),AND(456,457),AND(458,459),AND(460,461),AND(462,463),AND(464,465),AND(466,467),AND(468,469),AND(470,471),AND(472,473),AND(474,475),AND(476,477),AND(478,479),AND(480,481),AND(482,483),AND(484,485),AND(486,487),AND(488,489),AND(490,491),AND(492,493),AND(494,495),AND(496,497),AND(498,499),AND(500,501),AND(502,503),AND(504,505),AND(506,507),AND(508,509),AND(510,511),AND(512,513),AND(514,515),AND(516,517),AND(518,519),AND(520,521),AND(522,523),AND(524,525),AND(526,527),AND(528,529),AND(530,531),AND(532,533),AND(534,535),AND(536,537),AND(538,539),AND(540,541),AND(542,543),AND(544,545),AND(546,547),AND(548,549),AND(550,551),AND(552,553),AND(554,555),AND(556,557),AND(558,559),AND(560,561),AND(562,563),AND(564,565),AND(566,567),AND(568,569),AND(570,571),AND(572,573),AND(574,575),AND(576,577),AND(578,579),AND(580,581),AND(582,583),AND(584,585),AND(586,587),AND(588,589),AND(590,591),AND(592,593),AND(594,595),AND(596,597),AND(598,599),AND(600,601),AND(602,603),AND(604,605),AND(606,607),AND(608,609),AND(610,611),AND(612,613),AND(614,615),AND(616,617),AND(618,619),AND(620,621),AND(622,623),AND(624,625),AND(626,627),AND(628,629),AND(630,631),AND(632,633),AND(634,635),AND(636,637),AND(638,639),AND(640,641),AND(642,643),AND(644,645),AND(646,647),AND(648,649),AND(650,651),AND(652,653),AND(654,655),AND(656,657),AND(658,659),AND(660,661),AND(662,663),AND(664,665),AND(666,667),AND(668,669),AND(670,671),AND(672,673),AND(674,675),AND(676,677),AND(678,679),AND(680,681),AND(682,683),AND(684,685),AND(686,687),AND(688,689),AND(690,691),AND(692,693),AND(694,695),AND(696,697),AND(698,699),AND(700,701),AND(702,703),AND(704,705),AND(706,707),AND(708,709),AND(710,711),AND(712,713),AND(714,715),AND(716,717),AND(718,719),AND(720,721),AND(722,723),AND(724,725),AND(726,727),AND(728,729),AND(730,731),AND(732,733),AND(734,735),AND(736,737),AND(738,739),AND(740,741),AND(742,743),AND(744,745),AND(746,747),AND(748,749),AND(750,751),AND(752,753),AND(754,755),AND(756,757),AND(758,759),AND(760,761),AND(762,763),AND(764,765),AND(766,767),AND(768,769),AND(770,771),AND(772,773),AND(774,775),AND(776,777),AND(778,779),AND(780,781),AND(782,783),AND(784,785),AND(786,787),AND(788,789),AND(790,791),AND(792,793),AND(794,795),AND(796,797),AND(798,799),AND(800,801),AND(802,803),AND(804,805),AND(806,807),AND(808,809),AND(810,811),AND(812,813),AND(814,815),AND(816,817),AND(818,819),AND(820,821),AND(822,823),AND(824,825),AND(826,827),AND(828,829),AND(830,831),AND(832,833),AND(834,835),AND(836,837),AND(838,839),AND(840,841),AND(842,843),AND(844,845),AND(846,847),AND(848,849),AND(850,851),AND(852,853),AND(854,855),AND(856,857),AND(858,859),AND(860,861),AND(862,863),AND(864,865),AND(866,867),AND(868,869),AND(870,871),AND(872,873),AND(874,875),AND(876,877),AND(878,879),AND(880,881),AND(882,883),AND(884,885),AND(886,887),AND(888,889),AND(890,891),AND(892,893),AND(894,895),AND(896,897),AND(898,899),AND(900,901),AND(902,903),AND(904,905),AND(906,907),AND(908,909),AND(910,911),AND(912,913),AND(914,915),AND(916,917),AND(918,919),AND(920,921),AND(922,923),AND(924,925),AND(926,927),AND(928,929),AND(930,931),AND(932,933),AND(934,935),AND(936,937),AND(938,939),AND(940,941),AND(942,943),AND(944,945),AND(946,947),AND(948,949),AND(950,951),AND(952,953),AND(954,955),AND(956,957),AND(958,959),AND(960,961),AND(962,963),AND(964,965),AND(966,967),AND(968,969),AND(970,971),AND(972,973),AND(974,975),AND(976,977),AND(978,979),AND(980,981),AND(982,983),AND(984,985),AND(986,987),AND(988,989),AND(990,991),AND(992,993),AND(994,995),AND(996,997),AND(998,999),AND(1000,1001),AND(1002,1003),AND(1004,1005),AND(1006,1007),AND(1008,1009),AND(1010,1011),AND(1012,1013),AND(1014,1015),AND(1016,1017),AND(1018,1019),AND(1020,1021),AND(1022,1023))
Nothing left to do
